#: table_doi: 10.17182/hepdata.60522.v1/t2
#: name: Table 2
#: description: The differential PT cross section as a function of PT.

#: data_file: Table2.yaml
#: keyword reactions: PBAR P --> E+ E- X
#: keyword observables: DSIG/DPT
#: keyword phrases: Inclusive | Single Differential Cross Section | Transverse Momentum Dependence | Electron production
#: keyword cmenergies: 1960.0
#: M(C=E+E-) [GeV],,,66.0-116.0
#: RE,,,PBAR P --> E+ E- X
#: SQRT(S) [GeV],,,1960.0
PT(C=E+E-) [GEV],PT(C=E+E-) [GEV] LOW,PT(C=E+E-) [GEV] HIGH,D(SIG)/DPT [PB/GEV],stat +,stat -,sys +,sys -,"sys,luminosity uncertainty +","sys,luminosity uncertainty -"
0.25,0.0,0.5,3.613,0.168,-0.168,0.035,-0.035,5.8%,-5.8%
0.75,0.5,1.0,10.08,0.27,-0.27,0.1,-0.1,5.8%,-5.8%
1.25,1.0,1.5,15.51,0.33,-0.33,0.15,-0.15,5.8%,-5.8%
1.75,1.5,2.0,19.47,0.37,-0.37,0.19,-0.19,5.8%,-5.8%
2.25,2.0,2.5,21.58,0.39,-0.39,0.21,-0.21,5.8%,-5.8%
2.75,2.5,3.0,22.95,0.4,-0.4,0.23,-0.23,5.8%,-5.8%
3.25,3.0,3.5,22.58,0.39,-0.39,0.22,-0.22,5.8%,-5.8%
3.75,3.5,4.0,22.35,0.39,-0.39,0.22,-0.22,5.8%,-5.8%
4.25,4.0,4.5,20.61,0.37,-0.37,0.21,-0.21,5.8%,-5.8%
4.75,4.5,5.0,19.87,0.36,-0.36,0.2,-0.2,5.8%,-5.8%
5.25,5.0,5.5,18.76,0.35,-0.35,0.19,-0.19,5.8%,-5.8%
5.75,5.5,6.0,17.29,0.34,-0.34,0.17,-0.17,5.8%,-5.8%
6.25,6.0,6.5,15.63,0.32,-0.32,0.16,-0.16,5.8%,-5.8%
6.75,6.5,7.0,14.68,0.31,-0.31,0.15,-0.15,5.8%,-5.8%
7.25,7.0,7.5,13.74,0.3,-0.3,0.14,-0.14,5.8%,-5.8%
7.75,7.5,8.0,13.07,0.3,-0.3,0.13,-0.13,5.8%,-5.8%
8.25,8.0,8.5,11.83,0.28,-0.28,0.12,-0.12,5.8%,-5.8%
8.75,8.5,9.0,11.12,0.27,-0.27,0.11,-0.11,5.8%,-5.8%
9.25,9.0,9.5,10.33,0.26,-0.26,0.11,-0.11,5.8%,-5.8%
9.75,9.5,10.0,10.24,0.27,-0.27,0.11,-0.11,5.8%,-5.8%
10.25,10.0,10.5,9.043,0.244,-0.244,0.094,-0.094,5.8%,-5.8%
10.75,10.5,11.0,8.295,0.231,-0.231,0.084,-0.084,5.8%,-5.8%
11.25,11.0,11.5,8.319,0.239,-0.239,0.085,-0.085,5.8%,-5.8%
11.75,11.5,12.0,7.78,0.229,-0.229,0.079,-0.079,5.8%,-5.8%
12.25,12.0,12.5,7.465,0.227,-0.227,0.076,-0.076,5.8%,-5.8%
12.75,12.5,13.0,6.839,0.215,-0.215,0.069,-0.069,5.8%,-5.8%
13.25,13.0,13.5,6.411,0.208,-0.208,0.065,-0.065,5.8%,-5.8%
13.75,13.5,14.0,6.22,0.208,-0.208,0.064,-0.064,5.8%,-5.8%
14.25,14.0,14.5,5.89,0.204,-0.204,0.06,-0.06,5.8%,-5.8%
14.75,14.5,15.0,5.363,0.19,-0.19,0.055,-0.055,5.8%,-5.8%
15.25,15.0,15.5,5.186,0.19,-0.19,0.053,-0.053,5.8%,-5.8%
15.75,15.5,16.0,4.792,0.181,-0.181,0.049,-0.049,5.8%,-5.8%
16.25,16.0,16.5,4.431,0.172,-0.172,0.045,-0.045,5.8%,-5.8%
16.75,16.5,17.0,4.149,0.165,-0.165,0.042,-0.042,5.8%,-5.8%
17.25,17.0,17.5,4.346,0.179,-0.179,0.044,-0.044,5.8%,-5.8%
17.75,17.5,18.0,3.931,0.166,-0.166,0.04,-0.04,5.8%,-5.8%
18.25,18.0,18.5,3.757,0.163,-0.163,0.038,-0.038,5.8%,-5.8%
18.75,18.5,19.0,3.753,0.167,-0.167,0.038,-0.038,5.8%,-5.8%
19.25,19.0,19.5,3.586,0.163,-0.163,0.036,-0.036,5.8%,-5.8%
19.75,19.5,20.0,3.303,0.154,-0.154,0.034,-0.034,5.8%,-5.8%
20.25,20.0,20.5,2.952,0.142,-0.142,0.03,-0.03,5.8%,-5.8%
20.75,20.5,21.0,2.923,0.143,-0.143,0.03,-0.03,5.8%,-5.8%
21.25,21.0,21.5,2.877,0.144,-0.144,0.03,-0.03,5.8%,-5.8%
21.75,21.5,22.0,2.603,0.134,-0.134,0.027,-0.027,5.8%,-5.8%
22.25,22.0,22.5,2.624,0.139,-0.139,0.027,-0.027,5.8%,-5.8%
22.75,22.5,23.0,2.59,0.14,-0.14,0.026,-0.026,5.8%,-5.8%
23.25,23.0,23.5,2.516,0.139,-0.139,0.026,-0.026,5.8%,-5.8%
23.75,23.5,24.0,2.2,0.124,-0.124,0.022,-0.022,5.8%,-5.8%
24.25,24.0,24.5,1.948,0.113,-0.113,0.02,-0.02,5.8%,-5.8%
24.75,24.5,25.0,2.179,0.129,-0.129,0.022,-0.022,5.8%,-5.8%
25.5,25.0,26.0,2.032,0.085,-0.085,0.021,-0.021,5.8%,-5.8%
26.5,26.0,27.0,1.736,0.076,-0.076,0.018,-0.018,5.8%,-5.8%
27.5,27.0,28.0,1.633,0.075,-0.075,0.016,-0.016,5.8%,-5.8%
28.5,28.0,29.0,1.616,0.077,-0.077,0.016,-0.016,5.8%,-5.8%
29.5,29.0,30.0,1.381,0.069,-0.069,0.014,-0.014,5.8%,-5.8%
31.0,30.0,32.0,1.284,0.045,-0.045,0.013,-0.013,5.8%,-5.8%
33.0,32.0,34.0,1.005,0.039,-0.039,0.01,-0.01,5.8%,-5.8%
35.0,34.0,36.0,0.8769,0.0361,-0.0361,0.0088,-0.0088,5.8%,-5.8%
37.0,36.0,38.0,0.7959,0.0352,-0.0352,0.0079,-0.0079,5.8%,-5.8%
39.0,38.0,40.0,0.7068,0.0336,-0.0336,0.007,-0.007,5.8%,-5.8%
42.0,40.0,44.0,0.5605,0.0193,-0.0193,0.0055,-0.0055,5.8%,-5.8%
46.0,44.0,48.0,0.46,0.0179,-0.0179,0.0044,-0.0044,5.8%,-5.8%
50.0,48.0,52.0,0.3552,0.0156,-0.0156,0.0033,-0.0033,5.8%,-5.8%
54.0,52.0,56.0,0.276,0.0136,-0.0136,0.0025,-0.0025,5.8%,-5.8%
58.0,56.0,60.0,0.2311,0.0128,-0.0128,0.002,-0.002,5.8%,-5.8%
62.5,60.0,65.0,0.1618,0.0089,-0.0089,0.0014,-0.0014,5.8%,-5.8%
67.5,65.0,70.0,0.1343,0.0084,-0.0084,0.0011,-0.0011,5.8%,-5.8%
72.5,70.0,75.0,0.1094,0.0078,-0.0078,0.0009,-0.0009,5.8%,-5.8%
77.5,75.0,80.0,0.08415,0.00678,-0.00678,0.00068,-0.00068,5.8%,-5.8%
82.5,80.0,85.0,0.06347,0.00565,-0.00565,0.00049,-0.00049,5.8%,-5.8%
87.5,85.0,90.0,0.04982,0.00504,-0.00504,0.00038,-0.00038,5.8%,-5.8%
92.5,90.0,95.0,0.03786,0.00422,-0.00422,0.00028,-0.00028,5.8%,-5.8%
97.5,95.0,100.0,0.02988,0.00389,-0.00389,0.00023,-0.00023,5.8%,-5.8%
105.0,100.0,110.0,0.02298,0.00227,-0.00227,0.00016,-0.00016,5.8%,-5.8%
115.0,110.0,120.0,0.01449,0.00178,-0.00178,0.0001,-0.0001,5.8%,-5.8%
125.0,120.0,130.0,0.009369,0.001389,-0.001389,6.4e-05,-6.4e-05,5.8%,-5.8%
135.0,130.0,140.0,0.008395,0.001496,-0.001496,5.5e-05,-5.5e-05,5.8%,-5.8%
145.0,140.0,150.0,0.005304,0.001174,-0.001174,3.4e-05,-3.4e-05,5.8%,-5.8%
162.5,150.0,175.0,0.001861,0.000331,-0.000331,1.2e-05,-1.2e-05,5.8%,-5.8%
187.5,175.0,200.0,0.0005283,0.0001478,-0.0001478,3.1e-06,-3.1e-06,5.8%,-5.8%
225.0,200.0,250.0,0.0002838,0.0001019,-0.0001019,1.9e-06,-1.9e-06,5.8%,-5.8%
300.0,250.0,350.0,0.0001489,0.0001162,-0.0001162,9e-07,-9e-07,5.8%,-5.8%

